condition={'lenrun': 2190,
 'lenwind': 365,
 'numbwind': 6,
 'pvals': np.array([  6.46878858e-05,   3.97543192e-01,   2.99653443e-01,
          1.86748822e-01,   2.22597454e+00,   2.67032746e-05,
          2.01510400e-03,   3.32548355e-03,   1.43790387e-06,
          7.28409608e-02,   2.19469644e+01,   4.39860970e+01,
          3.24564986e-02,   4.48153570e+01,   2.31502677e+02,
          9.32789998e+01,   3.76239946e+01,   4.32147084e+01,
          4.76802246e+02,   2.34676150e+02,   4.87619657e+03,
          2.93150254e+02,   1.03952316e+04])}

xblist=np.array([[  6.46878858e-05,   3.97543192e-01,   2.99653443e-01,
          1.86748822e-01,   2.22597454e+00,   2.67032746e-05,
          2.01510400e-03,   3.32548355e-03,   1.43790387e-06,
          7.28409608e-02,   2.19469644e+01,   4.39860970e+01,
          3.24564986e-02,   4.48153570e+01,   2.31502677e+02,
          9.32789998e+01,   3.76239946e+01,   4.32147084e+01,
          4.76802246e+02,   2.34676150e+02,   4.87619657e+03,
          2.93150254e+02,   1.03952316e+04],
       [  6.46018405e-05,   4.49713052e-01,   2.81143648e-01,
          1.76520417e-01,   1.78012180e+00,   2.67017709e-05,
          1.44437528e-03,   3.69560361e-03,   1.44529361e-06,
          6.33986450e-02,   1.18592683e+01,   4.31441737e+01,
          3.16684246e-02,   4.32239036e+01,   1.95304773e+02,
          9.38484364e+01,   5.90311780e+01,   2.65334693e+01,
          4.90139384e+02,   2.74084156e+02,   5.70485048e+03,
          2.44275301e+02,   1.04646849e+04],
       [  6.48792007e-05,   4.68865787e-01,   1.98271560e-01,
          1.85242772e-01,   1.60227415e+00,   2.67019412e-05,
          1.29675593e-03,   4.34244688e-03,   1.41329398e-06,
          6.39286855e-02,   1.49971670e+01,   4.35743134e+01,
          3.16100889e-02,   4.28845561e+01,   1.99760178e+02,
          1.00000000e+02,   6.02974601e+01,   2.79084621e+01,
          3.31695881e+02,   3.28602026e+02,   6.55565833e+03,
          1.86662400e+02,   1.04579457e+04],
       [  6.45131256e-05,   4.02680195e-01,   2.84852268e-01,
          1.94779647e-01,   1.49615249e+00,   2.67058798e-05,
          1.21081591e-03,   4.34828678e-03,   1.47663853e-06,
          6.68182158e-02,   1.53827753e+01,   4.80461082e+01,
          3.18851066e-02,   3.91119114e+01,   1.97205296e+02,
          9.76528129e+01,   6.68643868e+01,   2.81710125e+01,
          3.27623343e+02,   3.68331075e+02,   7.31641082e+03,
          1.81701863e+02,   1.06590069e+04],
       [  6.40623160e-05,   4.46895896e-01,   2.75483622e-01,
          1.92465900e-01,   1.60804992e+00,   2.67078489e-05,
          7.12135242e-04,   3.96058774e-03,   1.54722962e-06,
          7.03181081e-02,   1.56433186e+01,   4.94843938e+01,
          3.19979718e-02,   3.72385693e+01,   2.00722054e+02,
          9.90952794e+01,   6.75899130e+01,   3.04504643e+01,
          3.92503009e+02,   4.61376638e+02,   8.10728438e+03,
          2.07097662e+02,   1.08872766e+04],
       [  6.40475214e-05,   5.46312160e-01,   3.04145245e-01,
          1.87479011e-01,   1.83425060e+00,   2.67060165e-05,
          8.80262330e-04,   3.86161480e-03,   1.55541257e-06,
          6.72423775e-02,   1.81655138e+01,   4.91955885e+01,
          3.17594148e-02,   3.73574146e+01,   2.03667947e+02,
          8.03806489e+01,   6.15819551e+01,   2.49930694e+01,
          4.34200945e+02,   4.77827009e+02,   8.74867538e+03,
          1.80392703e+02,   1.09845501e+04],
       [  6.42573137e-05,   4.77284968e-01,   2.23678829e-01,
          1.82448479e-01,   1.63510447e+00,   2.67025835e-05,
          7.86915098e-04,   4.01944231e-03,   1.53094433e-06,
          6.41493522e-02,   1.58276588e+01,   4.69611583e+01,
          3.04015932e-02,   3.57798485e+01,   1.97835382e+02,
          9.12417133e+01,   5.93026933e+01,   2.89349450e+01,
          3.34943255e+02,   5.28014369e+02,   9.53964429e+03,
          1.85113219e+02,   1.10197351e+04]])
          
xalist=np.array([[ np.array([  6.46018405e-05,   4.49713052e-01,   2.81143648e-01,
         1.76520417e-01,   1.78012180e+00,   2.67017709e-05,
         1.44437528e-03,   3.69560361e-03,   1.44529361e-06,
         6.33986450e-02,   1.18592683e+01,   4.31441737e+01,
         3.16684246e-02,   4.32239036e+01,   1.95304773e+02,
         9.38484364e+01,   5.90311780e+01,   4.84064180e+01,
         5.09673003e+02,   2.19599144e+02,   4.87595127e+03,
         2.88176276e+02,   1.04110366e+04]),
        314, 1],
       [ np.array([  6.48792007e-05,   4.68865787e-01,   1.98271560e-01,
         1.85242772e-01,   1.60227415e+00,   2.67019412e-05,
         1.29675593e-03,   4.34244688e-03,   1.41329398e-06,
         6.39286855e-02,   1.49971670e+01,   4.35743134e+01,
         3.16100889e-02,   4.28845561e+01,   1.99760178e+02,
         1.00000000e+02,   6.02974601e+01,   2.93608573e+01,
         4.98047502e+02,   2.67653204e+02,   5.70484952e+03,
         2.48590228e+02,   1.03978637e+04]),
        244, 1],
       [ np.array([  6.45131256e-05,   4.02680195e-01,   2.84852268e-01,
         1.94779647e-01,   1.49615249e+00,   2.67058798e-05,
         1.21081591e-03,   4.34828678e-03,   1.47663853e-06,
         6.68182158e-02,   1.53827753e+01,   4.80461082e+01,
         3.18851066e-02,   3.91119114e+01,   1.97205296e+02,
         9.76528129e+01,   6.68643868e+01,   4.11443147e+01,
         3.33998337e+02,   3.24761996e+02,   6.55610952e+03,
         2.08582560e+02,   1.05926832e+04]),
        271, 1],
       [ np.array([  6.40623160e-05,   4.46895896e-01,   2.75483622e-01,
         1.92465900e-01,   1.60804992e+00,   2.67078489e-05,
         7.12135242e-04,   3.96058774e-03,   1.54722962e-06,
         7.03181081e-02,   1.56433186e+01,   4.94843938e+01,
         3.19979718e-02,   3.72385693e+01,   2.00722054e+02,
         9.90952794e+01,   6.75899130e+01,   3.57852281e+01,
         4.47933374e+02,   3.64129278e+02,   7.31663741e+03,
         2.34601003e+02,   1.08134012e+04]),
        268, 1],
       [ np.array([  6.40475214e-05,   5.46312160e-01,   3.04145245e-01,
         1.87479011e-01,   1.83425060e+00,   2.67060165e-05,
         8.80262330e-04,   3.86161480e-03,   1.55541257e-06,
         6.72423775e-02,   1.81655138e+01,   4.91955885e+01,
         3.17594148e-02,   3.73574146e+01,   2.03667947e+02,
         8.03806489e+01,   6.15819551e+01,   2.96414082e+01,
         4.09007586e+02,   4.63587970e+02,   8.10710980e+03,
         1.69650868e+02,   1.09055280e+04]),
        226, 1],
       [ np.array([  6.42573137e-05,   4.77284968e-01,   2.23678829e-01,
         1.82448479e-01,   1.63510447e+00,   2.67025835e-05,
         7.86915098e-04,   4.01944231e-03,   1.53094433e-06,
         6.41493522e-02,   1.58276588e+01,   4.69611583e+01,
         3.04015932e-02,   3.57798485e+01,   1.97835382e+02,
         9.12417133e+01,   5.93026933e+01,   2.80001921e+01,
         4.14245510e+02,   4.78046109e+02,   8.74828755e+03,
         2.23248596e+02,   1.09322365e+04]),
        272, 1]], dtype=object)
